Availability,Price,Beds,Baths,Sqft,Address,Community,URL
